C = A * B =  140 168 196 224 252 280 308 336
             168 204 240 276 312 348 384 420
             196 240 284 328 372 416 460 504
             224 276 328 380 432 484 536 588
             252 312 372 432 492 552 612 672
             280 348 416 484 552 620 688 756
             308 384 460 536 612 688 764 840
             336 420 504 588 672 756 840 924
C = A * B =27151 -7694 10213 35908 30228 -13502 39469 -6895 -8270 -8662 6248 25038 -20650 -12250 11219 30605 3762 -2598 -14878 13856 26659 2653 5726 30296 -8862 
          -5617 -1758 14727 -17101 2073 13536 1674 -44242 16886 -452 -18730 -42662 -33585 -15777 -1987 -32119 19122 42502 17241 -26010 -13888 13143 3595 -10716 -16833 
          -19227 -7506 -22473 13847 -22012 -6966 1620 -4602 -36675 -10098 -1392 4401 37959 -4404 4427 4846 -17160 -12419 -13953 17983 6930 6149 -7550 5338 -8924 
          -8843 -8465 -5435 -18541 -13226 12786 479 -14327 51089 20677 -7095 -14101 -15743 8479 -20169 -21456 13870 932 8447 -9483 -2103 5105 14396 -18046 -28269 
          -7393 -5291 -17803 -13385 15363 -12736 2827 -21201 30559 -13275 18781 -29412 17645 -12826 -17019 -1549 12838 -6927 -3291 -30978 -14437 9419 22856 -2304 -21284 
          41662 -9596 10126 16696 11723 -13983 6977 21738 -40547 -26770 -27273 28023 -2850 -28431 44363 3033 -23012 -29544 -19195 -12715 7159 -9090 19206 36173 12776 
          4136 -18671 -19871 -11730 6438 7812 -36650 -27205 8186 7325 -1110 -10729 6612 39921 -8929 23107 -8623 -1366 -12446 -15065 -5503 17545 -17892 -23626 -23411 
          12812 -5515 3132 -3013 4223 -842 -18424 7988 -20232 -3815 8241 -6440 32168 609 -4070 18148 1769 -9382 -9277 -9176 -20194 -7496 15646 -10460 4929 
         -13359 4299 -14002 19209 -1982 -24432 10063 -1774 -32264 15421 2200 13528 20730 20247 10363 4381 -17798 -25143 -8681 21754 10378 -5075 -2845 16892 -25948 
          11340 -8002 13877 16709 22249 1473 28543 -90 -13321 -24683 -12578 13165 -34046 -24922 8420 -4248 7836 -8911 -3450 -17409 27026 -7346 -9678 23117 13875 
          1968 3542 12725 20398 6211 11690 6154 -18323 -42996 -10525 -11398 3087 -7556 -16417 9467 8396 -16144 315 -779 -18863 15523 2039 4780 18766 1238 
          19725 -27909 29398 -10439 -26380 6834 -7986 14619 31366 -5126 -11169 -12547 -15033 -22352 -8181 -23118 28392 6902 14610 -15986 -10052 -28243 8949 -2930 -9610 
         -17168 25604 -8811 15694 6940 3389 21482 9585 -18099 -9355 12955 12109 8637 -22787 24304 5922 -9476 10025 5646 -3672 -6059 -3891 -18316 -3115 22704 
          8764 4579 16647 8368 -13533 -5740 10535 35887 -13591 -20465 -9808 17559 -7929 -7802 16694 4272 15167 -7816 8974 -130 5566 -37396 -11572 12185 -13931 
        -1487 -7319 -6009 -9890 -7861 -8449 -14674 -10184 -16489 14274 -19017 -17816 -7292 3766 12791 -12588 2562 -108 -4218 19912 1981 7178 -14715 -6749 5354 
        -13559 35695 26908 -434 11311 1056 1949 8271 6637 1279 18501 -2488 -23562 18486 -3901 14924 27900 10954 25524 9995 -10297 -10623 -10699 -2779 -8499 
        14124 3052 38300 -4209 -8096 26341 -11631 1171 17566 -28114 7186 8704 -38804 10727 -7517 21180 28858 22778 -7094 9536 -317 -5642 -6607 6235 -5552 
        16954 -5638 23947 26413 -27821 25069 -11439 9498 -23661 -33107 10815 19598 -15817 -11066 -8122 14536 23069 -22050 4412 4025 -5748 -14321 -10495 -12547 13282 
        7922 -10233 23619 49 4497 34795 -24828 20691 -9741 -21932 4221 -7510 -26079 10127 703 32236 558 10802 -8187 -17852 4313 -4034 -838 4379 27579 
        -14059 14002 4775 -5309 -14749 17753 8001 27560 -14437 -1149 -24359 875 -5068 14408 10645 -9631 2689 -3942 -1297 7994 3166 -12536 9779 2852 -10248 
        -8431 10502 1952 -7867 2487 12286 -12596 -9431 -12031 15578 -2175 13976 509 34626 -6712 -4108 -16051 -1005 -3472 25071 -24310 7101 -6743 -8981 -13103 
        26392 -15729 4951 -23914 -6889 -5051 -18102 -5724 8509 -6653 -23400 -21863 -16207 -4935 12728 -8294 16928 8604 -5644 -9108 -17987 -17437 8908 -1835 -39171 
        -13751 -10489 668 19583 -2884 -17990 -8100 -3482 -2044 6961 14952 4544 14159 32191 -22025 6519 -19995 2151 8710 1238 8931 7671 -27792 17604 -14740 
        -7205 14108 11579 22709 -9323 16609 9575 -8861 -10964 -2760 -7388 10344 -39980 6992 12186 -6484 19665 -2926 -6761 10835 17369 8644 -12038 -1998 -4450 
        29071 5602 -7854 3164 5385 -31051 -10976 31861 2302 -11152 17136 12554 1556 4844 5957 14684 20098 -16343 -4307 13656 -5823 -16367 -10250 -5536 5812 
        4317 -4063 9976 -20688 11654 23932 791 -17045 9692 -2344 -15417 -15898 -24887 -18238 8814 -4842 -16658 19851 -2129 -12893 -2709 3495 25192 17793 1582 
        29597 3637 14176 -5955 23475 4419 26634 11169 19052 -13113 -11254 19448 -16892 -50226 20098 -15080 -718 -5728 6516 -28623 -11849 -13186 32583 9623 13143 
        26233 -37889 21630 -1294 -16766 10771 -30285 10272 -29040 -14674 -21562 -15359 4530 -2157 -2136 1452 3184 -14266 -12338 -26864 -7677 -15221 4047 -924 7041 
        -8452 -44688 -2445 -14895 -17902 12090 -20764 -27740 4918 36414 -20972 -31559 8272 21959 -9325 -15328 -13099 2602 -24822 -12000 8091 1866 19044 -141 -28942 